thumbnail, 150x113
'normal resolution' 640x480

lines
70, 85, 100, 115, 130, 145, 160, 175, 190
255, 270, 285, 300, 315, 330, 345, 360, 375

image resolution for small animation 218x164
#define START1 24
#define START2 87
#define SPACE 5

There is a tag for the cvs repository that has the modifications to
the svgablink to print out the lines instead of displaying the data.
The ImageMagick program is able to create mng files, some kind of
motion png format.  The gif version is almost 2megs in size, where
the mng version is about 20KB.  Not all browsers have support for
viewing mng images though.

I used
convert -delay 5-15 -loop -1 *.png blink.mng
to generate it with ImageMagick.

'(
(24 	34 	44 	54 	64 	87 	97 	107 	117 	127 	)
(24 	34 	44 	54 	64 	87 	97 	107 	117 	127 	)
(24 	34 	44 	54 	64 	87 	97 	107 	117 	127 	)
(24 	34 	44 	54 	64 	87 	97 	107 	117 	127 	)
()
(24 	29 	39 	49 	59 	)
(24 	29 	39 	49 	59 	)
(24 	29 	39 	49 	59 	)
()
(24 	44 	49 	54 	59 	64 	87 	92 	97 	102 	107 	112 	122 	127 	)
(24 	29 	34 	39 	44 	49 	54 	59 	64 	87 	92 	97 	102 	107 	112 	117 	122 	127 	)
(24 	34 	39 	49 	54 	59 	64 	87 	92 	107 	112 	117 	122 	127 	)
(24 	29 	64 	)
()
(24 	29 	34 	39 	44 	49 	59 	64 	87 	92 	97 	102 	107 	127 	)
(24 	29 	39 	44 	49 	54 	59 	64 	87 	92 	97 	102 	107 	112 	117 	127 	)
(24 	34 	44 	49 	54 	59 	64 	87 	97 	102 	112 	122 	)
(24 	29 	39 	44 	49 	59 	64 	87 	117 	127 	)
(24 	29 	44 	49 	87 	92 	102 	107 	122 	)
(24 	29 	34 	39 	49 	87 	102 	122 	)
(24 	44 	49 	87 	92 	102 	107 	122 	)
(24 	29 	34 	39 	49 	87 	102 	122 	)
(24 	44 	49 	87 	102 	122 	)
(24 	29 	34 	39 	49 	87 	92 	102 	107 	122 	)
(24 	44 	49 	87 	92 	102 	107 	122 	)
(24 	29 	34 	54 	64 	87 	102 	107 	112 	122 	)
(24 	34 	39 	49 	54 	59 	64 	87 	92 	107 	112 	122 	127 	)
(24 	34 	49 	87 	97 	107 	117 	122 	127 	)
(24 	34 	39 	49 	59 	87 	97 	102 	107 	112 	117 	122 	127 	)
(24 	29 	39 	44 	59 	64 	87 	97 	112 	117 	)
(24 	29 	34 	39 	44 	49 	54 	59 	64 	87 	92 	97 	102 	107 	112 	117 	122 	127 	)
()
(24 	29 	34 	44 	54 	59 	64 	87 	92 	97 	102 	107 	127 	)
(24 	29 	39 	44 	49 	54 	59 	64 	87 	92 	102 	117 	127 	)
(24 	34 	39 	49 	59 	87 	92 	102 	107 	112 	117 	122 	127 	)
(24 	29 	34 	44 	54 	59 	64 	87 	97 	102 	112 	122 	)
(24 	29 	44 	59 	87 	97 	102 	112 	122 	)
(24 	29 	34 	44 	49 	59 	87 	107 	112 	117 	122 	127 	)
(24 	44 	49 	54 	64 	87 	107 	122 	)
(24 	34 	39 	49 	59 	87 	92 	97 	112 	117 	)
(24 	29 	34 	44 	64 	87 	112 	127 	)
(24 	29 	44 	49 	54 	87 	92 	97 	)
(24 	34 	39 	54 	59 	64 	87 	92 	97 	102 	107 	112 	117 	122 	127 	)
()
(24 	29 	49 	54 	59 	64 	87 	92 	97 	102 	107 	122 	127 	)
(24 	34 	39 	44 	49 	54 	59 	64 	87 	97 	102 	107 	112 	117 	122 	127 	)
(24 	34 	44 	54 	59 	64 	87 	107 	112 	117 	122 	127 	)
(24 	34 	39 	54 	59 	64 	87 	92 	102 	107 	112 	117 	122 	127 	)
(24 	39 	44 	49 	54 	59 	64 	87 	102 	117 	122 	127 	)
(24 	34 	39 	44 	49 	54 	59 	64 	87 	92 	97 	102 	107 	112 	117 	122 	127 	)
(24 	39 	49 	64 	87 	107 	)
(24 	29 	34 	39 	44 	49 	54 	59 	64 	87 	92 	97 	102 	107 	112 	117 	122 	127 	)
()
(24 	29 	49 	54 	59 	64 	87 	92 	97 	102 	107 	122 	127 	)
(24 	29 	39 	44 	49 	54 	59 	64 	87 	97 	102 	107 	112 	117 	122 	127 	)
(24 	34 	44 	54 	59 	64 	87 	107 	112 	117 	122 	127 	)
(24 	34 	39 	54 	59 	64 	87 	92 	102 	107 	112 	117 	122 	127 	)
(24 	39 	44 	49 	54 	59 	64 	87 	102 	117 	122 	127 	)
(24 	29 	39 	44 	49 	54 	59 	64 	87 	92 	97 	102 	107 	112 	117 	122 	127 	)
(24 	29 	34 	44 	54 	59 	87 	107 	112 	117 	122 	127 	)
(24 	29 	34 	39 	44 	49 	54 	59 	64 	87 	92 	97 	102 	107 	112 	117 	122 	127 	)
()
(24 	29 	34 	39 	49 	54 	59 	64 	87 	97 	102 	107 	122 	127 	)
(24 	34 	39 	44 	49 	54 	59 	64 	87 	92 	97 	112 	117 	122 	127 	)
(24 	34 	49 	54 	59 	64 	87 	97 	117 	122 	127 	)
(24 	29 	39 	49 	87 	97 	102 	127 	)
(24 	29 	34 	39 	44 	49 	54 	59 	64 	87 	92 	97 	102 	107 	112 	117 	122 	127 	)
()
(24 	29 	34 	39 	49 	54 	59 	64 	87 	97 	102 	107 	122 	127 	)
(24 	29 	39 	44 	49 	54 	59 	64 	87 	92 	107 	117 	122 	127 	)
(24 	29 	39 	44 	54 	59 	64 	87 	97 	107 	117 	122 	127 	)
(24 	54 	59 	87 	97 	102 	107 	117 	127 	)
(24 	29 	34 	39 	44 	49 	54 	59 	64 	87 	92 	97 	102 	107 	112 	117 	122 	127 	)
()
(24 	29 	34 	44 	49 	54 	59 	64 	87 	97 	102 	107 	112 	122 	127 	)
(24 	29 	34 	39 	54 	87 	92 	102 	107 	112 	117 	)
(24 	29 	34 	39 	44 	49 	54 	59 	64 	87 	92 	97 	102 	107 	112 	117 	122 	127 	))


-- original data from setwatch -time -file
24 	34 	44 	54 	64 	87 	97 	107 	117 	127 	
24 	34 	44 	54 	64 	87 	97 	107 	117 	127 	
24 	34 	44 	54 	64 	87 	97 	107 	117 	127 	
24 	34 	44 	54 	64 	87 	97 	107 	117 	127 	
24 	34 	44 	54 	64 	87 	97 	107 	117 	127 	
24 	34 	44 	54 	64 	87 	97 	107 	117 	127 	
24 	34 	44 	54 	64 	87 	97 	107 	117 	127 	
24 	34 	44 	54 	64 	87 	97 	107 	117 	127 	
24 	34 	44 	54 	64 	87 	97 	107 	117 	127 	
24 	34 	44 	54 	64 	87 	97 	107 	117 	127 	
24 	34 	44 	54 	64 	87 	97 	107 	117 	127 	
24 	34 	44 	54 	64 	87 	97 	107 	117 	127 	
24 	34 	44 	54 	64 	87 	97 	107 	117 	127 	
24 	34 	44 	54 	64 	87 	97 	107 	117 	127 	
24 	34 	44 	54 	64 	87 	97 	107 	117 	127 	
24 	34 	44 	54 	64 	87 	97 	107 	117 	127 	
24 	34 	44 	54 	64 	87 	97 	107 	117 	127 	
24 	34 	44 	54 	64 	87 	97 	107 	117 	127 	
24 	34 	44 	54 	64 	87 	97 	107 	117 	127 	
24 	34 	44 	54 	64 	87 	97 	107 	117 	127 	
24 	34 	44 	54 	64 	87 	97 	107 	117 	127 	
24 	34 	44 	54 	64 	87 	97 	107 	117 	127 	
24 	34 	44 	54 	64 	87 	97 	107 	117 	127 	
24 	34 	44 	54 	64 	87 	97 	107 	117 	127 	
24 	34 	44 	54 	64 	87 	97 	107 	117 	127 	
24 	34 	44 	54 	64 	87 	97 	107 	117 	127 	
24 	34 	44 	54 	64 	87 	97 	107 	117 	127 	
24 	34 	44 	54 	64 	87 	97 	107 	117 	127 	
24 	34 	44 	54 	64 	87 	97 	107 	117 	127 	
24 	34 	44 	54 	64 	87 	97 	107 	117 	127 	
24 	34 	44 	54 	64 	87 	97 	107 	117 	127 	
24 	34 	44 	54 	64 	87 	97 	107 	117 	127 	
24 	34 	44 	54 	64 	87 	97 	107 	117 	127 	
24 	34 	44 	54 	64 	87 	97 	107 	117 	127 	
24 	34 	44 	54 	64 	87 	97 	107 	117 	127 	
24 	34 	44 	54 	64 	87 	97 	107 	117 	127 	
24 	34 	44 	54 	64 	87 	97 	107 	117 	127 	
24 	34 	44 	54 	64 	87 	97 	107 	117 	127 	
24 	34 	44 	54 	64 	87 	97 	107 	117 	127 	
24 	34 	44 	54 	64 	87 	97 	107 	117 	127 	
24 	34 	44 	54 	64 	87 	97 	107 	117 	127 	
24 	34 	44 	54 	64 	87 	97 	107 	117 	127 	
24 	34 	44 	54 	64 	87 	97 	107 	117 	127 	
24 	34 	44 	54 	64 	87 	97 	107 	117 	127 	
24 	34 	44 	54 	64 	87 	97 	107 	117 	127 	
24 	34 	44 	54 	64 	87 	97 	107 	117 	127 	
24 	34 	44 	54 	64 	87 	97 	107 	117 	127 	
24 	34 	44 	54 	64 	87 	97 	107 	117 	127 	
24 	34 	44 	54 	64 	87 	97 	107 	117 	127 	
24 	34 	44 	54 	64 	87 	97 	107 	117 	127 	
24 	34 	44 	54 	64 	87 	97 	107 	117 	127 	
24 	34 	44 	54 	64 	87 	97 	107 	117 	127 	
24 	34 	44 	54 	64 	87 	97 	107 	117 	127 	
24 	34 	44 	54 	64 	87 	97 	107 	117 	127 	
24 	34 	44 	54 	64 	87 	97 	107 	117 	127 	
24 	34 	44 	54 	64 	87 	97 	107 	117 	127 	
24 	34 	44 	54 	64 	87 	97 	107 	117 	127 	
24 	34 	44 	54 	64 	87 	97 	107 	117 	127 	
24 	34 	44 	54 	64 	87 	97 	107 	117 	127 	
24 	34 	44 	54 	64 	87 	97 	107 	117 	127 	
24 	34 	44 	54 	64 	87 	97 	107 	117 	127 	
24 	34 	44 	54 	64 	87 	97 	107 	117 	127 	
24 	34 	44 	54 	64 	87 	97 	107 	117 	127 	
24 	34 	44 	54 	64 	87 	97 	107 	117 	127 	
24 	34 	44 	54 	64 	87 	97 	107 	117 	127 	
24 	34 	44 	54 	64 	87 	97 	107 	117 	127 	
24 	34 	44 	54 	64 	87 	97 	107 	117 	127 	
24 	34 	44 	54 	64 	87 	97 	107 	117 	127 	
24 	34 	44 	54 	64 	87 	97 	107 	117 	127 	
24 	34 	44 	54 	64 	87 	97 	107 	117 	127 	
24 	34 	44 	54 	64 	87 	97 	107 	117 	127 	
24 	34 	44 	54 	64 	87 	97 	107 	117 	127 	
24 	34 	44 	54 	64 	87 	97 	107 	117 	127 	
24 	34 	44 	54 	64 	87 	97 	107 	117 	127 	
24 	34 	44 	54 	64 	87 	97 	107 	117 	127 	
24 	34 	44 	54 	64 	87 	97 	107 	117 	127 	
24 	34 	44 	54 	64 	87 	97 	107 	117 	127 	
24 	34 	44 	54 	64 	87 	97 	107 	117 	127 	
24 	34 	44 	54 	64 	87 	97 	107 	117 	127 	
24 	34 	44 	54 	64 	87 	97 	107 	117 	127 	
24 	34 	44 	54 	64 	87 	97 	107 	117 	127 	
24 	34 	44 	54 	64 	87 	97 	107 	117 	127 	
24 	34 	44 	54 	64 	87 	97 	107 	117 	127 	
24 	34 	44 	54 	64 	87 	97 	107 	117 	127 	
24 	34 	44 	54 	64 	87 	97 	107 	117 	127 	
24 	34 	44 	54 	64 	87 	97 	107 	117 	127 	
24 	34 	44 	54 	64 	87 	97 	107 	117 	127 	
24 	34 	44 	54 	64 	87 	97 	107 	117 	127 	
24 	34 	44 	54 	64 	87 	97 	107 	117 	127 	
24 	34 	44 	54 	64 	87 	97 	107 	117 	127 	
24 	34 	44 	54 	64 	87 	97 	107 	117 	127 	
24 	34 	44 	54 	64 	87 	97 	107 	117 	127 	
24 	34 	44 	54 	64 	87 	97 	107 	117 	127 	
24 	34 	44 	54 	64 	87 	97 	107 	117 	127 	
24 	34 	44 	54 	64 	87 	97 	107 	117 	127 	
24 	34 	44 	54 	64 	87 	97 	107 	117 	127 	
24 	34 	44 	54 	64 	87 	97 	107 	117 	127 	
24 	34 	44 	54 	64 	87 	97 	107 	117 	127 	
24 	34 	44 	54 	64 	87 	97 	107 	117 	127 	
24 	34 	44 	54 	64 	87 	97 	107 	117 	127 	
24 	34 	44 	54 	64 	87 	97 	107 	117 	127 	
24 	34 	44 	54 	64 	87 	97 	107 	117 	127 	
24 	34 	44 	54 	64 	87 	97 	107 	117 	127 	
24 	34 	44 	54 	64 	87 	97 	107 	117 	127 	
24 	34 	44 	54 	64 	87 	97 	107 	117 	127 	
24 	34 	44 	54 	64 	87 	97 	107 	117 	127 	
24 	34 	44 	54 	64 	87 	97 	107 	117 	127 	
24 	34 	44 	54 	64 	87 	97 	107 	117 	127 	
24 	34 	44 	54 	64 	87 	97 	107 	117 	127 	
24 	34 	44 	54 	64 	87 	97 	107 	117 	127 	
24 	34 	44 	54 	64 	87 	97 	107 	117 	127 	
24 	34 	44 	54 	64 	87 	97 	107 	117 	127 	
24 	34 	44 	54 	64 	87 	97 	107 	117 	127 	
24 	34 	44 	54 	64 	87 	97 	107 	117 	127 	
24 	34 	44 	54 	64 	87 	97 	107 	117 	127 	
24 	34 	44 	54 	64 	87 	97 	107 	117 	127 	
24 	34 	44 	54 	64 	87 	97 	107 	117 	127 	
24 	34 	44 	54 	64 	87 	97 	107 	117 	127 	
24 	34 	44 	54 	64 	87 	97 	107 	117 	127 	
24 	34 	44 	54 	64 	87 	97 	107 	117 	127 	
24 	34 	44 	54 	64 	87 	97 	107 	117 	127 	
24 	34 	44 	54 	64 	87 	97 	107 	117 	127 	
24 	34 	44 	54 	64 	87 	97 	107 	117 	127 	
24 	34 	44 	54 	64 	87 	97 	107 	117 	127 	
24 	34 	44 	54 	64 	87 	97 	107 	117 	127 	
24 	34 	44 	54 	64 	87 	97 	107 	117 	127 	
24 	34 	44 	54 	64 	87 	97 	107 	117 	127 	
24 	34 	44 	54 	64 	87 	97 	107 	117 	127 	
24 	34 	44 	54 	64 	87 	97 	107 	117 	127 	
24 	34 	44 	54 	64 	87 	97 	107 	117 	127 	
24 	34 	44 	54 	64 	87 	97 	107 	117 	127 	
24 	34 	44 	54 	64 	87 	97 	107 	117 	127 	
24 	34 	44 	54 	64 	87 	97 	107 	117 	127 	
24 	34 	44 	54 	64 	87 	97 	107 	117 	127 	
24 	34 	44 	54 	64 	87 	97 	107 	117 	127 	
24 	34 	44 	54 	64 	87 	97 	107 	117 	127 	
24 	34 	44 	54 	64 	87 	97 	107 	117 	127 	
24 	34 	44 	54 	64 	87 	97 	107 	117 	127 	
24 	34 	44 	54 	64 	87 	97 	107 	117 	127 	
24 	34 	44 	54 	64 	87 	97 	107 	117 	127 	
24 	34 	44 	54 	64 	87 	97 	107 	117 	127 	
24 	34 	44 	54 	64 	87 	97 	107 	117 	127 	
24 	34 	44 	54 	64 	87 	97 	107 	117 	127 	
24 	34 	44 	54 	64 	87 	97 	107 	117 	127 	
24 	34 	44 	54 	64 	87 	97 	107 	117 	127 	
24 	34 	44 	54 	64 	87 	97 	107 	117 	127 	
24 	34 	44 	54 	64 	87 	97 	107 	117 	127 	
24 	34 	44 	54 	64 	87 	97 	107 	117 	127 	
24 	34 	44 	54 	64 	87 	97 	107 	117 	127 	
24 	34 	44 	54 	64 	87 	97 	107 	117 	127 	
24 	34 	44 	54 	64 	87 	97 	107 	117 	127 	
24 	34 	44 	54 	64 	87 	97 	107 	117 	127 	
24 	34 	44 	54 	64 	87 	97 	107 	117 	127 	
24 	34 	44 	54 	64 	87 	97 	107 	117 	127 	
24 	34 	44 	54 	64 	87 	97 	107 	117 	127 	
24 	34 	44 	54 	64 	87 	97 	107 	117 	127 	
24 	34 	44 	54 	64 	87 	97 	107 	117 	127 	
24 	34 	44 	54 	64 	87 	97 	107 	117 	127 	
24 	34 	44 	54 	64 	87 	97 	107 	117 	127 	
24 	34 	44 	54 	64 	87 	97 	107 	117 	127 	
24 	34 	44 	54 	64 	87 	97 	107 	117 	127 	
24 	34 	44 	54 	64 	87 	97 	107 	117 	127 	
24 	34 	44 	54 	64 	87 	97 	107 	117 	127 	
24 	34 	44 	54 	64 	87 	97 	107 	117 	127 	
24 	34 	44 	54 	64 	87 	97 	107 	117 	127 	
24 	34 	44 	54 	64 	87 	97 	107 	117 	127 	
24 	34 	44 	54 	64 	87 	97 	107 	117 	127 	
24 	34 	44 	54 	64 	87 	97 	107 	117 	127 	
24 	34 	44 	54 	64 	87 	97 	107 	117 	127 	
24 	34 	44 	54 	64 	87 	97 	107 	117 	127 	
24 	34 	44 	54 	64 	87 	97 	107 	117 	127 	
24 	34 	44 	54 	64 	87 	97 	107 	117 	127 	
24 	34 	44 	54 	64 	87 	97 	107 	117 	127 	
24 	34 	44 	54 	64 	87 	97 	107 	117 	127 	
24 	34 	44 	54 	64 	87 	97 	107 	117 	127 	
24 	34 	44 	54 	64 	87 	97 	107 	117 	127 	
24 	34 	44 	54 	64 	87 	97 	107 	117 	127 	
24 	34 	44 	54 	64 	87 	97 	107 	117 	127 	
24 	34 	44 	54 	64 	87 	97 	107 	117 	127 	
24 	34 	44 	54 	64 	87 	97 	107 	117 	127 	
24 	34 	44 	54 	64 	87 	97 	107 	117 	127 	
24 	34 	44 	54 	64 	87 	97 	107 	117 	127 	
24 	34 	44 	54 	64 	87 	97 	107 	117 	127 	
24 	34 	44 	54 	64 	87 	97 	107 	117 	127 	
24 	34 	44 	54 	64 	87 	97 	107 	117 	127 	
24 	34 	44 	54 	64 	87 	97 	107 	117 	127 	
24 	34 	44 	54 	64 	87 	97 	107 	117 	127 	
24 	34 	44 	54 	64 	87 	97 	107 	117 	127 	
24 	34 	44 	54 	64 	87 	97 	107 	117 	127 	
24 	34 	44 	54 	64 	87 	97 	107 	117 	127 	
24 	34 	44 	54 	64 	87 	97 	107 	117 	127 	
24 	34 	44 	54 	64 	87 	97 	107 	117 	127 	
24 	34 	44 	54 	64 	87 	97 	107 	117 	127 	
24 	34 	44 	54 	64 	87 	97 	107 	117 	127 	
24 	34 	44 	54 	64 	87 	97 	107 	117 	127 	
24 	34 	44 	54 	64 	87 	97 	107 	117 	127 	
24 	34 	44 	54 	64 	87 	97 	107 	117 	127 	
24 	34 	44 	54 	64 	87 	97 	107 	117 	127 	
24 	34 	44 	54 	64 	87 	97 	107 	117 	127 	
24 	34 	44 	54 	64 	87 	97 	107 	117 	127 	

24 	29 	39 	49 	59 	
24 	29 	39 	49 	59 	
24 	29 	39 	49 	59 	
24 	29 	39 	49 	59 	
24 	29 	39 	49 	59 	
24 	29 	39 	49 	59 	
24 	29 	39 	49 	59 	
24 	29 	39 	49 	59 	
24 	29 	39 	49 	59 	
24 	29 	39 	49 	59 	
24 	29 	39 	49 	59 	
24 	29 	39 	49 	59 	
24 	29 	39 	49 	59 	
24 	29 	39 	49 	59 	
24 	29 	39 	49 	59 	
24 	29 	39 	49 	59 	
24 	29 	39 	49 	59 	
24 	29 	39 	49 	59 	
24 	29 	39 	49 	59 	
24 	29 	39 	49 	59 	
24 	29 	39 	49 	59 	
24 	29 	39 	49 	59 	
24 	29 	39 	49 	59 	
24 	29 	39 	49 	59 	
24 	29 	39 	49 	59 	
24 	29 	39 	49 	59 	
24 	29 	39 	49 	59 	
24 	29 	39 	49 	59 	
24 	29 	39 	49 	59 	
24 	29 	39 	49 	59 	
24 	29 	39 	49 	59 	
24 	29 	39 	49 	59 	
24 	29 	39 	49 	59 	
24 	29 	39 	49 	59 	
24 	29 	39 	49 	59 	
24 	29 	39 	49 	59 	
24 	29 	39 	49 	59 	
24 	29 	39 	49 	59 	
24 	29 	39 	49 	59 	
24 	29 	39 	49 	59 	
24 	29 	39 	49 	59 	
24 	29 	39 	49 	59 	
24 	29 	39 	49 	59 	
24 	29 	39 	49 	59 	
24 	29 	39 	49 	59 	
24 	29 	39 	49 	59 	
24 	29 	39 	49 	59 	
24 	29 	39 	49 	59 	
24 	29 	39 	49 	59 	
24 	29 	39 	49 	59 	

24 	44 	49 	54 	59 	64 	87 	92 	97 	102 	107 	112 	122 	127 	
24 	29 	34 	39 	44 	49 	54 	59 	64 	87 	92 	97 	102 	107 	112 	117 	122 	127 	
24 	34 	39 	49 	54 	59 	64 	87 	92 	107 	112 	117 	122 	127 	
24 	29 	64 	

24 	29 	34 	39 	44 	49 	59 	64 	87 	92 	97 	102 	107 	127 	
24 	29 	39 	44 	49 	54 	59 	64 	87 	92 	97 	102 	107 	112 	117 	127 	
24 	34 	44 	49 	54 	59 	64 	87 	97 	102 	112 	122 	
24 	29 	39 	44 	49 	59 	64 	87 	117 	127 	
24 	29 	44 	49 	87 	92 	102 	107 	122 	
24 	29 	34 	39 	49 	87 	102 	122 	
24 	44 	49 	87 	92 	102 	107 	122 	
24 	29 	34 	39 	49 	87 	102 	122 	
24 	44 	49 	87 	102 	122 	
24 	29 	34 	39 	49 	87 	92 	102 	107 	122 	
24 	44 	49 	87 	92 	102 	107 	122 	
24 	29 	34 	54 	64 	87 	102 	107 	112 	122 	
24 	34 	39 	49 	54 	59 	64 	87 	92 	107 	112 	122 	127 	
24 	34 	49 	87 	97 	107 	117 	122 	127 	
24 	34 	39 	49 	59 	87 	97 	102 	107 	112 	117 	122 	127 	
24 	29 	39 	44 	59 	64 	87 	97 	112 	117 	
24 	29 	34 	39 	44 	49 	54 	59 	64 	87 	92 	97 	102 	107 	112 	117 	122 	127 	

24 	29 	34 	44 	54 	59 	64 	87 	92 	97 	102 	107 	127 	
24 	29 	39 	44 	49 	54 	59 	64 	87 	92 	102 	117 	127 	
24 	34 	39 	49 	59 	87 	92 	102 	107 	112 	117 	122 	127 	
24 	29 	34 	44 	54 	59 	64 	87 	97 	102 	112 	122 	
24 	29 	44 	59 	87 	97 	102 	112 	122 	
24 	29 	34 	44 	49 	59 	87 	107 	112 	117 	122 	127 	
24 	44 	49 	54 	64 	87 	107 	122 	
24 	34 	39 	49 	59 	87 	92 	97 	112 	117 	
24 	29 	34 	44 	64 	87 	112 	127 	
24 	29 	44 	49 	54 	87 	92 	97 	
24 	34 	39 	54 	59 	64 	87 	92 	97 	102 	107 	112 	117 	122 	127 	

24 	29 	49 	54 	59 	64 	87 	92 	97 	102 	107 	122 	127 	
24 	34 	39 	44 	49 	54 	59 	64 	87 	97 	102 	107 	112 	117 	122 	127 	
24 	34 	44 	54 	59 	64 	87 	107 	112 	117 	122 	127 	
24 	34 	39 	54 	59 	64 	87 	92 	102 	107 	112 	117 	122 	127 	
24 	39 	44 	49 	54 	59 	64 	87 	102 	117 	122 	127 	
24 	34 	39 	44 	49 	54 	59 	64 	87 	92 	97 	102 	107 	112 	117 	122 	127 	
24 	39 	49 	64 	87 	107 	
24 	29 	34 	39 	44 	49 	54 	59 	64 	87 	92 	97 	102 	107 	112 	117 	122 	127 	

24 	29 	49 	54 	59 	64 	87 	92 	97 	102 	107 	122 	127 	
24 	29 	39 	44 	49 	54 	59 	64 	87 	97 	102 	107 	112 	117 	122 	127 	
24 	34 	44 	54 	59 	64 	87 	107 	112 	117 	122 	127 	
24 	34 	39 	54 	59 	64 	87 	92 	102 	107 	112 	117 	122 	127 	
24 	39 	44 	49 	54 	59 	64 	87 	102 	117 	122 	127 	
24 	29 	39 	44 	49 	54 	59 	64 	87 	92 	97 	102 	107 	112 	117 	122 	127 	
24 	29 	34 	44 	54 	59 	87 	107 	112 	117 	122 	127 	
24 	29 	34 	39 	44 	49 	54 	59 	64 	87 	92 	97 	102 	107 	112 	117 	122 	127 	

24 	29 	34 	39 	49 	54 	59 	64 	87 	97 	102 	107 	122 	127 	
24 	34 	39 	44 	49 	54 	59 	64 	87 	92 	97 	112 	117 	122 	127 	
24 	34 	49 	54 	59 	64 	87 	97 	117 	122 	127 	
24 	29 	39 	49 	87 	97 	102 	127 	
24 	29 	34 	39 	44 	49 	54 	59 	64 	87 	92 	97 	102 	107 	112 	117 	122 	127 	

24 	29 	34 	39 	49 	54 	59 	64 	87 	97 	102 	107 	122 	127 	
24 	29 	39 	44 	49 	54 	59 	64 	87 	92 	107 	117 	122 	127 	
24 	29 	39 	44 	54 	59 	64 	87 	97 	107 	117 	122 	127 	
24 	54 	59 	87 	97 	102 	107 	117 	127 	
24 	29 	34 	39 	44 	49 	54 	59 	64 	87 	92 	97 	102 	107 	112 	117 	122 	127 	

24 	29 	34 	44 	49 	54 	59 	64 	87 	97 	102 	107 	112 	122 	127 	
24 	29 	34 	39 	54 	87 	92 	102 	107 	112 	117 	
24 	29 	34 	39 	44 	49 	54 	59 	64 	87 	92 	97 	102 	107 	112 	117 	122 	127 	

